209
318
328
329
370
385
393
395
396
397
399
400
402
405
763
872
910
912
914
915
918
923
924
926
927
929
930
932
933
934
936
937
939
940
941
942
943
944
945
946
947
948
950
953
956
957
958
959
960
961
963
964
968
972
973
975
982
983
1059
1061
1278
1381
1595
1596
1597
1598
1599
1668
1669
1670
1671
1672
1673
1681
1819
1885
1895
1896
1900
1923
1924
1925
1949
1950
1951
1960
1961
1962
1963
1964
1965
1972
2224
2228
2280
2281
2348
2350
2352
2358
2386
2440
2532
2553
2626
2627
2646
2673
2719
2869
2870
2912
2956
2957
3077
3184
3259
3260
3261
3262
3263
3356
3384
3386
3387
3508
3531
3532
3533
3534
3535
3536
3537
3538
3539
3540
3541
3542
3543
3567
3568
3610
3611
3612
3613
3619
3620
3621
3624
3626
3627
3628
3629
3630
3631
3633
3650
3651
3708
3767
3768
3769
3770
3771
3772
3773
3774
3775
3776
3777
3778
3779
3780
3781
3782
3783
3784
3785
3786
3787
3788
3789
3790
3791
3792
3793
3794
3795
3796
3844
4289
4293
4370
4488
4489
4800
4845
